BEGIN:VCALENDAR
VERSION:2.0
PRODID:-//Squarespace Inc/Squarespace 6//v6//EN
BEGIN:VEVENT
UID:5b5b6b20352f53e9f5a631a7@squarespace.com
DTSTAMP:20180727T190102Z
DTSTART:20180811T110000Z
DTEND:20180811T150000Z
SUMMARY:5K Run/Walk to End Domestic Violence
GEO:37.066234;-76.40311
LOCATION:320 Butler Farm Road\, Hampton\, VA\, 23666\, United States
END:VEVENT
END:VCALENDAR
